-4.943468 
-4.937970 
-4.897475 
-4.837559 
-4.833725 
-4.797865 
-4.830661 
-4.822198 
-4.829124 
-4.817990 
-4.771166 
-4.757636 
-4.772471 
-4.784203 
-4.737094 
-4.768776 
-4.766713 
-4.766231 
-4.735591 
-4.751175 
-4.803983 
-4.793849 
-4.781939 
-4.825549 
-4.807508 
-4.819474 
-4.802481 
-4.786375 
-4.805543 
-4.783480 
-4.817805 
-4.823574 
-4.816927 
-4.811555 
-4.817846 
-4.585667 
-4.627569 
-4.674574 
-4.679160 
-4.689738 
-4.699855 
-4.670842 
-4.678077 
-4.627040 
-4.376364 
-4.369147 
-4.406859 
-4.403376 
-4.371571 
-4.258945 
-4.221953 
-4.256922 
-4.208768 
-4.184609 
-4.205544 
-4.161314 
-4.038432 
-3.860822 
-3.710304 
-3.753334 
-3.722841 
-3.773226 
-3.880733 
-3.860875 
-4.106244 
-4.117599 
-3.951470 
-3.778327 
-3.771577 
-3.730067 
-3.722115 
-3.795327 
-3.837824 
-3.928370 
-4.091106 
-4.173620 
-4.192174 
-4.179534 
-4.213885 
-4.180979 
-4.173931 
-4.187367 
-4.155057 
-4.154139 
-4.170410 
-4.133320 
-4.132063 
-4.210255 
-4.187218 
-4.150133 
-4.127603 
-4.088806 
-4.094117 
-4.110256 
-4.135978 
-4.115267 
-4.119738 
-4.120229 
-4.049240 
-4.097057 
-4.138869 
-4.078196 
-4.080486 
-4.111854 
-4.093085 
-4.071697 
-4.077472 
-4.051143 
-4.030988 
-4.019736 
-4.000303 
-4.015167 
-4.013525 
-4.009042 
-3.970354 
-3.982425 
-3.898110 
-3.866576 
-3.908631 
-3.906278 
-3.897671 
-3.836828 
-3.886648 
-3.908001 
-3.960925 
-3.892445 
-3.906052 
-3.901973 
-3.888116 
-3.888708 
-3.866754 
-3.825510 
-3.825864 
-3.868211 
-3.893143 
-3.858116 
-3.872424 
-3.875676 
-3.810329 
-3.831207 
-3.857592 
-3.804487 
-3.774744 
-3.793476 
-3.821661 
-3.752759 
-3.692058 
-3.735698 
-3.718277 
-3.731773 
-3.749084 
-3.729222 
-3.738176 
-3.691597 
-3.690539 
-3.732501 
-3.747354 
-3.750399 
-3.767361 
-3.748690 
-3.745971 
-3.729835 
-3.661408 
-3.734421 
-3.711665 
-3.719687 
-3.709793 
-3.703801 
-3.701475 
-3.720209 
-3.692786 
-3.736174 
-3.681111 
-3.715092 
-3.671389 
-3.679218 
-3.708275 
-3.703708 
-3.652102 
-3.628118 
-3.613396 
-3.602780 
-3.594698 
-3.577443 
-3.546091 
-3.561657 
-3.506535 
-3.447574 
-3.484892 
-3.480487 
-3.470797 
-3.456449 
-3.464408 
-3.463627 
-3.491927 
-3.465525 
-3.475321 
-3.442873 
-3.477398 
-3.508846 
-3.472343 
-3.477438 
-3.336484 
-3.311977 
-3.278866 
-3.177552 
-2.911081 
-2.026080 
-1.059827 
-0.591195 
-0.157435 
0.252789 
0.369667 
0.196190 
-0.430909 
-1.518723 
-2.193395 
-2.607463 
-2.998195 
-3.242576 
-3.255812 
-3.318956 
-3.300503 
-3.299481 
-3.324035 
-3.316280 
-3.347831 
-3.359673 
-3.369457 
-3.355106 
-3.288454 
-3.300075 
-3.257977 
-3.223256 
-3.184302 
-3.175377 
-3.153402 
-2.954924 
-2.766042 
-2.716092 
-2.711884 
-2.712498 
-2.690407 
-2.802705 
-2.895381 
-3.054088 
-3.135555 
-3.200150 
-3.197924 
-3.156418 
-3.163054 
-3.147457 
-3.097435 
-3.080527 
-3.082343 
-3.072766 
-2.955847 
-2.887065 
-2.597222 
-2.542298 
-2.487039 
-2.499906 
-2.475980 
-2.537710 
-2.620107 
-2.735775 
-2.837571 
-2.845793 
-2.805629 
-2.777653 
-2.829809 
-2.770999 
-2.726385 
-2.731376 
-2.626015 
-2.647917 
-2.658605 
-2.651377 
-2.688314 
-2.678750 
-2.675787 
-2.681378 
-2.674760 
-2.565505 
-2.482149 
-2.480763 
-2.455387 
-2.469986 
-2.439498 
-2.348278 
-2.235160 
-2.238313 
-2.173170 
-1.968046 
-1.839960 
-1.735214 
-1.616890 
-1.484622 
-1.221845 
-1.021568 
-0.831167 
-0.559736 
-0.140868 
0.544435 
2.041469 
3.738898 
4.054283 
4.072025 
3.656249 
3.361089 
2.668881 
1.580287 
-0.348635 
-1.388731 
-1.582001 
-1.621088 
-1.681967 
-1.766995 
-1.842695 
-1.795382 
-1.465969 
-0.485330 
1.252304 
2.131773 
2.359695 
2.314294 
2.308383 
2.081430 
1.525295 
0.157586 
-1.310379 
-1.708128 
-1.757444 
-1.844946 
-1.942870 
-2.039769 
-2.106761 
-2.084210 
-2.127475 
-2.105287 
-2.134597 
-2.172762 
-2.243567 
-2.256775 
-2.373251 
-2.395654 
-2.417797 
-2.378488 
-2.363333 
-2.371056 
-2.400486 
-2.438643 
-2.429394 
-2.344497 
-2.313816 
-2.306322 
-2.293948 
-2.269117 
-2.292024 
-2.282539 
-2.263264 
-2.178101 
-2.112128 
-2.132084 
-2.030461 
-2.024043 
-1.977557 
-1.922907 
-1.820174 
-1.729810 
-1.729871 
-1.642721 
-1.517821 
-1.498440 
-1.390456 
-1.237645 
-1.067909 
-0.776248 
0.242904 
2.780713 
9.744340 
20.596991 
24.631760 
25.520700 
25.563420 
25.223457 
23.731328 
19.600287 
9.394954 
2.675326 
1.070612 
0.776433 
0.611758 
0.339104 
-0.188643 
-0.537926 
-0.656358 
-0.680537 
-0.626663 
-0.514454 
-0.438645 
-0.270739 
-0.144486 
0.011715 
0.062392 
-0.048174 
-0.292342 
-0.493421 
-0.709766 
-0.951941 
-1.159740 
-1.271465 
-1.368776 
-1.281854 
-1.189447 
-1.054167 
-0.696294 
-0.043447 
0.496867 
0.790153 
1.060152 
1.663637 
2.335166 
2.806423 
3.174512 
3.755306 
4.356081 
4.598102 
4.160012 
3.625109 
2.783159 
1.870163 
1.000075 
-0.007760 
-0.876014 
-1.353248 
-1.563219 
-1.611148 
-1.667971 
-1.618955 
-1.680682 
-1.716283 
-1.623772 
-1.619748 
-1.664169 
-1.592227 
-1.589330 
-1.614089 
-1.604908 
-1.566088 
-1.513394 
-1.382828 
-1.379311 
-1.342241 
-1.335375 
-1.224416 
-1.105695 
-0.977172 
-0.841885 
-0.515158 
0.448847 
3.090483 
9.642049 
22.383559 
29.452489 
31.462653 
31.867671 
31.540238 
30.158380 
26.556790 
16.025806 
5.938281 
2.504466 
1.942178 
1.934745 
1.745009 
1.323594 
1.505825 
1.770601 
2.032084 
2.191474 
2.386788 
2.522919 
2.622505 
2.480003 
2.481289 
3.056392 
4.238320 
6.597032 
12.601926 
33.473731 
88.877065 
258.274614 
372.106510 
401.157222 
406.756052 
406.679648 
398.345013 
366.811793 
258.957541 
99.314341 
41.325401 
31.260178 
29.629541 
27.223745 
18.168168 
8.838058 
5.115341 
3.921429 
3.333017 
2.692981 
2.183455 
1.727124 
1.426100 
1.187101 
1.103386 
1.336393 
2.309860 
3.895513 
4.895434 
6.504581 
9.577326 
11.234322 
11.509063 
11.037472 
9.370406 
7.902584 
6.654683 
3.909647 
1.543608 
1.121752 
1.401313 
2.315442 
2.633225 
2.559736 
2.437538 
2.488949 
3.104566 
4.137167 
4.312332 
3.957407 
3.721930 
3.708003 
3.657019 
3.756785 
4.063734 
5.531135 
6.613006 
6.970843 
7.244949 
7.130689 
6.803658 
5.997363 
3.893592 
1.540705 
0.797652 
0.878671 
1.318789 
2.349651 
2.989507 
3.648151 
5.611692 
11.922099 
19.089568 
21.230858 
21.250782 
20.857937 
21.364074 
22.444497 
23.725474 
18.401434 
15.632769 
16.892641 
18.948499 
21.254894 
25.770273 
24.486621 
22.422704 
21.831781 
20.577835 
18.978841 
17.522109 
13.205068 
9.192576 
7.601423 
6.631438 
6.727148 
7.364589 
7.839973 
9.419588 
17.748476 
47.348172 
149.824821 
278.127288 
324.366014 
333.536053 
334.795302 
335.600509 
326.586868 
277.608239 
146.302982 
62.442928 
43.395048 
40.100782 
37.988215 
29.242782 
16.933627 
10.651170 
9.857421 
13.207290 
21.934890 
29.419231 
35.271484 
52.447191 
137.595576 
420.710752 
1162.529546 
1416.007656 
1442.708801 
1447.406918 
1445.263209 
1436.247326 
1381.008832 
1066.905806 
395.326991 
148.435691 
112.161057 
109.439692 
102.521468 
67.398772 
30.908252 
16.950618 
13.819916 
12.265424 
9.494709 
7.247343 
5.460051 
4.357508 
3.723894 
3.375228 
3.233647 
3.224374 
3.063234 
2.689473 
1.924728 
1.478844 
1.707138 
2.721253 
3.474898 
3.788821 
3.966745 
4.235062 
4.279352 
4.273712 
3.948593 
3.213060 
2.931288 
3.037920 
3.240305 
3.538340 
3.619194 
3.934933 
5.197198 
9.583911 
13.094941 
13.916257 
13.707890 
13.223300 
12.871048 
11.741809 
8.946987 
4.002408 
1.834750 
1.945526 
4.143453 
11.269408 
24.586151 
34.371239 
50.565605 
68.997180 
75.647492 
75.936386 
72.929445 
62.296774 
51.359885 
41.369145 
21.528431 
9.308349 
6.455570 
5.558034 
5.105910 
4.547500 
4.258054 
8.728311 
28.763522 
82.459813 
135.453421 
154.606302 
161.017473 
162.978729 
161.612203 
152.054420 
118.790270 
57.611520 
23.450444 
13.424296 
10.174454 
9.136288 
6.795561 
3.925855 
2.294228 
1.849375 
2.285961 
4.491251 
7.339383 
8.843477 
10.011474 
12.615733 
21.502041 
34.059131 
41.179430 
50.063651 
66.721575 
78.092919 
95.719461 
125.446211 
131.599975 
127.874605 
127.701701 
130.591564 
136.387459 
131.823339 
103.884547 
75.511457 
65.204898 
59.509686 
48.849099 
25.678525 
14.457956 
22.932976 
37.354269 
43.097242 
43.577070 
43.027334 
42.973658 
41.880325 
36.113400 
20.133147 
9.601268 
7.455064 
7.975328 
8.631477 
8.576749 
10.040306 
24.070956 
77.054051 
173.630763 
218.473265 
226.315728 
228.671560 
237.009597 
263.602795 
301.930217 
252.327879 
182.201753 
161.647505 
158.380081 
155.616589 
140.788658 
87.807428 
36.121607 
20.866776 
18.653756 
18.696494 
18.793616 
18.503597 
28.953973 
91.665061 
301.323258 
494.386816 
575.106034 
643.918995 
792.637879 
889.327313 
887.985043 
779.951140 
551.607491 
427.121200 
401.552029 
396.139581 
324.794555 
280.875135 
265.970387 
260.648529 
256.836908 
236.800486 
176.172917 
76.638386 
30.538891 
20.468048 
16.818111 
15.142728 
11.975493 
7.595422 
5.655909 
6.308704 
11.913636 
28.606530 
41.752496 
45.239331 
45.916644 
46.552946 
47.584471 
50.884542 
72.335917 
170.527416 
313.435267 
370.645210 
379.990710 
381.254797 
379.226927 
367.164886 
311.764540 
160.271366 
50.207103 
23.811636 
20.580146 
20.285121 
17.466824 
10.290252 
5.719853 
4.291821 
4.052843 
3.588786 
3.179287 
2.819392 
2.611648 
2.511831 
2.433937 
2.532373 
2.840689 
3.155362 
3.464766 
4.113709 
5.954290 
11.301458 
17.612977 
22.655467 
39.208509 
127.827928 
415.520547 
679.888143 
798.968332 
926.387243 
993.631358 
1006.479762 
976.924037 
830.323974 
520.376647 
337.569726 
229.050084 
114.829616 
73.759078 
60.241364 
44.532252 
31.650688 
19.301836 
12.152077 
9.050505 
8.168308 
7.571133 
8.591970 
20.924871 
75.732594 
176.851811 
259.265507 
337.429791 
371.200717 
376.995991 
373.417333 
350.555089 
268.801036 
178.354707 
96.873927 
36.605587 
20.992478 
18.970131 
20.258855 
44.430279 
130.836846 
205.338605 
228.300753 
231.703030 
231.746301 
230.369214 
220.312628 
171.791219 
73.977300 
22.681754 
12.407145 
11.169107 
10.857548 
8.700807 
5.136666 
3.066555 
2.557193 
2.697608 
2.412955 
2.348352 
2.107632 
2.052743 
2.023524 
2.127038 
2.118087 
2.057699 
1.970014 
1.680774 
1.527719 
1.122228 
0.775346 
0.507994 
0.342718 
0.291318 
0.146716 
0.121263 
0.190594 
0.205080 
0.219862 
0.226905 
0.255558 
0.345882 
0.412736 
0.431991 
0.508853 
0.595547 
0.799307 
1.055715 
1.540291 
2.345694 
5.671590 
29.169834 
124.855955 
243.450977 
285.704353 
293.144367 
293.725854 
293.418529 
286.484642 
244.422097 
123.479769 
33.890924 
13.843765 
11.906728 
11.932874 
10.665123 
6.780658 
4.465696 
4.262941 
5.349310 
7.284691 
18.870520 
96.887220 
362.621271 
597.203563 
666.858800 
677.317820 
678.356860 
675.690632 
649.820781 
518.651036 
224.790185 
58.309490 
27.540492 
24.645889 
24.493418 
19.861271 
10.635129 
5.687440 
4.422311 
4.626705 
3.775038 
3.453749 
4.360658 
9.874935 
20.138220 
36.319895 
52.081240 
57.917695 
59.914246 
68.251933 
99.977871 
131.991685 
156.885489 
195.496462 
216.275349 
223.643524 
237.268081 
237.214183 
200.978890 
166.769122 
123.996578 
73.258219 
53.412890 
43.484228 
25.399594 
14.017261 
16.140230 
50.761542 
148.980303 
217.411952 
234.132066 
236.385622 
235.649169 
233.774946 
222.298359 
161.328303 
60.883063 
15.805913 
8.881801 
11.003922 
26.476422 
61.350685 
80.371594 
84.521977 
85.512614 
85.695687 
84.795316 
79.474047 
54.589066 
19.908037 
6.449843 
4.169222 
3.704206 
3.660157 
3.329925 
2.768366 
2.468229 
2.465466 
2.849564 
3.552028 
5.525154 
7.814200 
8.405685 
8.466000 
8.515047 
9.294156 
13.773551 
24.048491 
28.788734 
29.571959 
30.918480 
39.390431 
102.586199 
341.513811 
574.133065 
642.892312 
653.288133 
652.718616 
654.605619 
632.868073 
522.729312 
246.285313 
62.170495 
22.829204 
18.075991 
17.012388 
14.077314 
8.462013 
6.501754 
15.770873 
42.567249 
59.264900 
63.510050 
63.508200 
63.397229 
63.694329 
61.388042 
46.289207 
20.788220 
9.304119 
7.210448 
7.142486 
6.715650 
5.420215 
3.166172 
1.705693 
1.378972 
1.454595 
1.383356 
1.446133 
1.469834 
1.605446 
1.768659 
2.522636 
6.542129 
17.274426 
25.200439 
29.137383 
31.293664 
33.393642 
37.048954 
56.478136 
198.725757 
623.134399 
941.783702 
1040.939937 
1059.902000 
1065.554658 
1061.230151 
1014.535235 
773.985882 
324.603747 
82.877951 
29.027104 
18.918648 
17.085383 
14.252358 
10.983617 
19.937712 
43.819418 
58.330750 
60.955232 
61.052741 
60.441490 
60.429254 
60.327803 
66.630538 
126.249110 
188.320332 
209.181543 
212.704662 
212.688588 
209.913082 
202.179403 
158.453469 
69.143349 
15.868630 
4.800860 
3.207410 
2.846596 
2.258085 
1.396449 
0.884378 
0.674898 
0.809020 
0.606733 
0.456852 
0.357044 
0.037661 
-0.144658 
-0.318828 
-0.381191 
-0.394026 
-0.230615 
-0.118979 
0.054530 
0.041056 
-0.081233 
-0.114430 
-0.160283 
-0.169934 
-0.366036 
-0.553165 
-0.606640 
-0.653285 
-0.601476 
-0.616365 
-0.557709 
-0.418856 
-0.258587 
-0.119317 
-0.068258 
0.091437 
0.359130 
0.764096 
3.771429 
24.623083 
76.525792 
110.505227 
119.617969 
120.727682 
120.932280 
120.587547 
114.924481 
85.230737 
61.730897 
112.477244 
161.897907 
176.857742 
177.953865 
177.907629 
176.939515 
168.812623 
124.770502 
49.773258 
10.711681 
3.374942 
2.504037 
2.180957 
1.775671 
1.146223 
0.980684 
1.483218 
6.682789 
34.059602 
75.978062 
96.283399 
100.088572 
101.023536 
100.536190 
99.593293 
89.626633 
52.746971 
15.473686 
3.113529 
1.245292 
1.096534 
1.573639 
4.412260 
21.490632 
63.879206 
94.747740 
104.067685 
105.515060 
108.309501 
127.853380 
202.934807 
254.426553 
240.515014 
224.110821 
219.392708 
218.726029 
213.062476 
174.811413 
83.120250 
19.601658 
4.425151 
2.746210 
2.501190 
2.130964 
1.850091 
3.403275 
10.313811 
17.247960 
19.891932 
20.502188 
20.736023 
21.391031 
22.540550 
34.518261 
122.291042 
285.537598 
378.497002 
400.814178 
425.838648 
506.901960 
579.840771 
576.572497 
450.980939 
295.416048 
232.455038 
217.480910 
177.342443 
85.840215 
23.118887 
14.173085 
52.641636 
116.621215 
148.747057 
155.059920 
154.935761 
154.561333 
155.586749 
153.244102 
115.159814 
65.744890 
46.577126 
44.191368 
45.026619 
45.793095 
42.516279 
34.092553 
53.425336 
97.155679 
119.463659 
123.076142 
122.113151 
120.525732 
118.086241 
105.690672 
61.586675 
18.430769 
4.679419 
9.513582 
32.466116 
50.899165 
56.503879 
57.218234 
57.308148 
57.222130 
55.015226 
43.298003 
19.178701 
4.483649 
1.627731 
3.572349 
18.501912 
45.403375 
60.236939 
64.633076 
76.037947 
137.283526 
220.048117 
254.337433 
241.492250 
219.845659 
210.569873 
206.250119 
185.934733 
107.836200 
34.532450 
16.235390 
45.432135 
90.010235 
110.366686 
114.159702 
116.904798 
135.137922 
163.539430 
168.674204 
128.803830 
88.260491 
75.034405 
72.146361 
66.525952 
41.021585 
13.718074 
6.421170 
15.241530 
23.232902 
25.703444 
25.593686 
25.203046 
25.162532 
23.929355 
18.374073 
7.537410 
1.122448 
0.008117 
0.389560 
4.322828 
13.141512 
18.602498 
20.383218 
20.921745 
21.066438 
22.100323 
31.885747 
59.371835 
76.274582 
80.281280 
79.925961 
79.749014 
79.660425 
76.706276 
58.576507 
24.482064 
4.724231 
0.918121 
0.604663 
0.690167 
1.885384 
11.605588 
33.020881 
46.265078 
49.553025 
49.809101 
49.996201 
51.424853 
63.022803 
73.667739 
67.935980 
61.924597 
60.386612 
60.175689 
59.553002 
55.481797 
35.746682 
11.925704 
1.612374 
-0.015686 
-0.097731 
0.080445 
2.065057 
9.818691 
16.350069 
18.647504 
19.065586 
21.219103 
29.022578 
34.989935 
33.947366 
26.008153 
20.427670 
19.019616 
18.507729 
14.508313 
6.188135 
0.475972 
-1.238301 
-1.609366 
-1.687444 
-1.891158 
-2.074234 
-2.114045 
-2.099360 
-2.127959 
-2.110884 
-2.085582 
-2.163731 
-2.165009 
-2.252015 
-2.171887 
-2.241391 
-2.255888 
-2.199925 
-2.153299 
-2.099805 
-2.144033 
-2.142967 
-2.214539 
-2.171686 
-2.243802 
-2.265325 
-2.335808 
-2.350403 
-2.344903 
-2.378294 
-2.385655 
-2.385780 
-2.368211 
-2.401465 
-2.396462 
-2.384417 
-2.400965 
-2.427403 
-2.479097 
-2.418289 
-2.412082 
-2.376611 
-2.253522 
-2.308624 
-2.315431 
-2.342633 
-2.325215 
-2.353550 
-2.331349 
-2.369548 
-2.354342 
-2.320473 
-2.293291 
-2.275772 
-2.267478 
-2.279080 
-2.203314 
-2.157596 
-2.060859 
-2.033431 
-1.801610 
-1.199354 
4.559134 
41.906572 
103.658435 
136.096365 
143.319593 
143.483723 
143.978103 
142.390143 
131.150719 
79.710526 
24.581431 
2.801731 
-0.578540 
-0.963654 
-1.195009 
-1.307506 
-1.252513 
-1.258893 
-1.222357 
-1.214498 
-1.286059 
-1.319663 
-1.481397 
-1.786812 
-2.129750 
-2.321746 
-2.375882 
-2.392639 
-2.349660 
-2.218617 
-2.146754 
-2.076943 
-1.963347 
-1.810963 
-1.825134 
-1.800609 
-1.819710 
-2.010541 
-2.202609 
-2.327360 
-2.507195 
-2.684135 
-2.712383 
-2.731429 
-2.725188 
-2.706428 
-2.741632 
-2.715767 
-2.724716 
-2.799595 
-2.837894 
-2.794621 
-2.822782 
-2.759765 
-2.807880 
-2.778070 
-2.824076 
-2.783667 
-2.789110 
-2.783367 
-2.760410 
-2.697145 
-2.757081 
-2.742008 
-2.711008 
-2.711697 
-2.636918 
-2.622976 
-2.593534 
-2.611256 
-2.599070 
-2.596242 
-2.630343 
-2.614320 
-2.591544 
-2.534962 
-2.490351 
-2.505762 
-2.504975 
-2.492447 
-2.515159 
-2.564633 
-2.543405 
-2.525719 
-2.473846 
-2.417410 
-2.331194 
-2.082337 
0.041943 
14.559897 
39.134501 
53.144149 
56.617609 
56.847695 
56.981885 
56.730561 
52.814827 
34.032245 
10.111691 
-0.081128 
-1.756525 
-1.952441 
-1.996595 
-2.204187 
-2.345610 
-2.541902 
-2.573308 
-2.556293 
-2.621033 
-2.656475 
-2.741197 
-2.772066 
-2.834194 
-2.893622 
-2.883619 
-2.865177 
-2.845590 
-2.846562 
-2.868853 
-2.892816 
-2.930566 
-2.910727 
-2.946658 
-2.942656 
-2.984890 
-2.936115 
-2.942152 
-2.926721 
-2.905813 
-2.926204 
-2.805375 
-2.784396 
-2.727278 
-2.767974 
-2.777585 
-2.702002 
-2.774559 
-2.848137 
-2.886212 
-2.905032 
-2.871038 
-2.882410 
-2.911997 
-2.899648 
-2.922616 
-2.929321 
-2.950388 
-2.923693 
-2.825270 
-2.893447 
-2.860612 
-2.797209 
-2.775730 
-2.694280 
-2.539574 
-0.922742 
9.661988 
27.314873 
37.094103 
39.447145 
39.706160 
39.842035 
39.556248 
36.838323 
23.362030 
6.324573 
-0.915833 
-2.086790 
-2.267821 
-2.346277 
-2.502797 
-2.609817 
-2.667284 
-2.672623 
-2.673461 
-2.713713 
-2.737752 
-2.760839 
-2.744893 
-2.702596 
-2.695254 
-2.599974 
-2.608246 
-2.434336 
-0.558650 
5.781845 
11.340358 
13.543112 
14.114990 
14.199277 
14.086594 
13.752719 
11.027392 
4.052898 
-0.994127 
-2.209741 
-2.358226 
-2.452340 
-2.522631 
-2.577875 
-2.594340 
-2.647369 
-2.663466 
-2.681993 
-2.673027 
-2.660726 
-2.682997 
-2.690428 
-2.718800 
-2.791936 
-2.766577 
-2.765956 
-2.766311 
-2.802017 
-2.824390 
-2.861359 
-2.851276 
-2.876003 
-2.853813 
-2.849236 
-2.838405 
-2.805265 
-2.800966 
-2.819348 
-2.772895 
-2.816189 
-2.826599 
-2.767753 
-2.767317 
-2.764424 
-2.754618 
-2.785130 
-2.793931 
-2.771122 
-2.779698 
-2.767685 
-2.727980 
-2.757180 
-2.704050 
-2.714279 
-2.700764 
-2.740349 
-2.745517 
-2.672821 
-2.651935 
-2.654050 
-2.583493 
-2.540228 
-2.466344 
-2.419854 
-2.372121 
-2.371861 
-2.321475 
-2.326173 
-2.330081 
-2.275768 
-2.120321 
-1.819272 
1.416999 
22.987748 
63.917664 
86.558409 
91.956296 
92.839574 
92.731073 
92.333487 
86.340320 
56.268534 
18.595059 
1.838062 
-0.827670 
-1.349341 
-1.531438 
-1.744545 
-1.973674 
-2.118721 
-2.137797 
-2.111817 
-2.161077 
-2.154674 
-2.179533 
-2.220728 
-2.251521 
-2.205325 
-2.144359 
-2.146002 
-2.182782 
-2.223283 
-2.257557 
-2.349457 
-2.408893 
-2.443610 
-2.438886 
-2.492036 
-2.476819 
-2.432688 
-2.367525 
-2.288327 
-2.205727 
-2.163632 
-2.080894 
-2.091046 
-2.034806 
-2.041669 
-2.193138 
-2.276095 
-2.223508 
-2.165228 
-2.110619 
-2.187740 
-2.211128 
-2.133306 
-2.143047 
-2.248525 
-2.344770 
-2.383822 
-2.441041 
-2.414440 
-2.401306 
-2.398219 
-2.408023 
-2.369884 
-2.321858 
-2.299522 
-1.783487 
-0.738354 
-0.145731 
0.081078 
0.125692 
0.153892 
0.676846 
4.428097 
16.805999 
26.002520 
28.975104 
29.393132 
29.328265 
29.416642 
28.134160 
21.723956 
8.413269 
0.120325 
-1.726203 
-1.972896 
-2.039344 
-2.087619 
-2.166926 
-2.164919 
-2.177025 
-2.242491 
-2.262566 
-2.254356 
-2.243702 
-2.357033 
-2.293030 
-2.323070 
-2.286915 
-2.300977 
-2.339101 
-2.305431 
-2.298230 
-2.368252 
-2.355034 
-2.409294 
-2.388201 
-2.303992 
-2.380251 
-2.350769 
-2.425115 
-2.431657 
-2.418510 
-2.411608 
-2.396190 
-2.445999 
-2.440049 
-2.427153 
-2.489534 
-2.548366 
-2.548777 
-2.546441 
-2.565614 
-2.551091 
-2.563036 
-2.609846 
-2.642987 
-2.683989 
-2.665857 
-2.649167 
-2.633695 
-2.685112 
-2.713278 
-2.751707 
-2.757376 
-2.810760 
-2.776318 
-2.812230 
-2.804982 
-2.841437 
-2.909130 
-2.888938 
-2.938390 
-2.957567 
-2.953281 
-3.029866 
-3.003962 
-3.012198 
-3.005247 
-3.051730 
-3.076760 
-3.103967 
-3.108748 
-3.086171 
-3.084550 
-3.071508 
-3.053653 
-3.063581 
-3.110039 
-3.102563 
-2.999155 
-2.573550 
-0.899416 
1.411955 
6.735276 
17.915109 
26.221168 
28.787579 
29.008692 
28.349172 
26.548039 
23.378006 
16.561476 
6.365221 
3.352507 
4.733316 
5.535628 
5.665214 
5.773527 
5.649309 
5.160367 
3.049164 
-0.401967 
-2.629967 
-3.255124 
-3.337858 
-3.439301 
-3.545886 
-3.607870 
-3.652130 
-3.651522 
-3.695745 
-3.696623 
-3.659479 
-3.667625 
-3.643010 
-3.599172 
-3.597724 
-3.631871 
-3.613766 
-3.557234 
-3.549494 
-3.570582 
-3.655549 
-3.628678 
-3.422769 
-2.527562 
-0.920667 
0.068627 
0.428399 
0.505743 
0.536293 
0.521115 
0.087583 
-1.165300 
-2.775398 
-3.464162 
-3.624491 
-3.663057 
-3.630564 
-3.522440 
-3.122202 
-2.826518 
-2.727830 
-2.779242 
-2.752848 
-2.842815 
-2.855851 
-3.174562 
-3.599196 
-3.842327 
-3.872312 
-3.881887 
-3.835712 
-3.759394 
-3.647886 
-3.620274 
-3.623803 
-3.668849 
-3.674539 
-3.640659 
-3.684578 
-3.760860 
-3.895299 
-3.933622 
-3.979057 
-3.959839 
-3.957731 
-3.928578 
-3.918323 
-3.707270 
-2.506138 
1.953286 
10.360157 
15.712528 
16.945366 
17.209470 
17.249249 
16.856539 
15.199408 
8.782696 
0.643397 
-2.970739 
-3.611309 
-3.643868 
-3.734249 
-3.774017 
-3.856323 
-3.898487 
-3.922530 
-3.990713 
-3.970987 
-4.002532 
-3.981211 
-4.005135 
-3.967925 
-4.009529 
-4.069686 
-4.010088 
-3.948185 
-3.546274 
-2.217375 
-0.681972 
0.382456 
0.790054 
0.832152 
0.810698 
0.584517 
-0.015614 
-1.580042 
-3.041951 
-3.801372 
-3.978967 
-4.024631 
-4.016169 
-4.045070 
-4.055989 
-4.058959 
-4.048835 
-4.062095 
-4.065438 
-4.090153 
-4.058569 
-4.113228 
-4.092509 
-4.088214 
-4.007715 
-3.995119 
-3.989867 
-4.002467 
-4.016900 
-4.029284 
-4.057662 
-4.097470 
-4.101700 
-4.054270 
-4.011009 
-3.932089 
-3.842727 
-3.849554 
-3.850256 
-3.849897 
-3.849732 
-3.882335 
-3.969749 
-4.128137 
-4.153007 
-4.212050 
-4.239626 
-4.172951 
-4.196986 
-4.209498 
-4.195376 
-4.185574 
-4.208231 
-4.214467 
-4.197630 
-4.207043 
-4.196743 
-4.220150 
-4.185839 
-4.196330 
-4.184758 
-4.235329 
-4.239410 
-4.231386 
-4.202421 
-4.214213 
-4.230881 
-4.235782 
-4.225079 
-4.276537 
-4.243573 
-4.276807 
-4.213838 
-4.344388 
-4.409177 
-4.381530 
-4.379398 
-4.394571 
-4.384391 
-4.368880 
-4.343073 
-4.473257 
-4.658298 
-4.682824 
-4.667314 
-4.679952 
-4.670539 
-4.790641 
-4.793929 
-4.819190 
-4.817876 
-4.829155 
-4.841385 
-4.810401 
-4.791275 
-4.818702 
-4.760879 
-4.790048 
-4.808829 
-4.821666 
-4.803328 
-4.778926 
-4.820273 
-4.771117 
-4.764905 
-4.769277 
-4.782061 
-4.810571 
-4.808417 
-4.769225 
-4.762812 
-4.763587 
-4.779041 
-4.776714 
-4.786417 
-4.820295 
-4.787245 
-4.754042 
-4.758564 
-4.757440 
-4.758313 
-4.797482 
-12.815839 
-7.558456 
-4.046853 
-3.618832 
-3.594491 
-3.613076 
-3.584477 
-3.630462 
-35.446595 
-127.011891 
-13.782056 
-1.344196 
-1.265136 
-1.261654 
-10.486816 
-2.984210 
