-0.0348132
-0.0420659
-0.112176
-0.11411
-0.114593
-0.113626
-0.115077
-0.113626
-0.113143
-0.112659
-0.11411
-0.114593
-0.114593
-0.11411
-0.115077
-0.111209
-0.113143
-0.112659
-0.115077
-0.11556
-0.11411
-0.114593
-0.11556
-0.115077
-0.11411
-0.0546374
-0.0560879
-0.0628572
-0.0643077
-0.0609231
-0.0609231
-0.0652747
-0.0502857
-0.0541539
-0.0633407
-0.0652747
-0.057055
-0.0560879
-0.0560879
-0.058989
-0.0599561
-0.0638242
-0.0609231
-0.0628572
-0.058989
-0.0565714
-0.058022
-0.0527033
-0.0609231
-0.0565714
-0.0614066
-0.0575385
-0.0604396
-0.0502857
-0.0522198
-0.0599561
-0.0536703
-0.0560879
-0.0652747
-0.0546374
-0.0599561
-0.0541539
-0.058989
-0.0546374
-0.0522198
-0.0522198
-0.0575385
-0.0604396
-0.0560879
-0.0551209
-0.0546374
-0.0614066
-0.0623736
-0.0522198
-0.0604396
-0.0507692
-0.0507692
-0.0560879
-0.0531868
-0.0483517
-0.0517363
-0.0715605
-0.0517363
-0.0507692
-0.0517363
-0.0556044
-0.0488352
-0.0488352
-0.0623736
-0.058989
-0.0551209
-0.057055
-0.0551209
-0.0541539
-0.058989
-0.0444835
-0.0507692
-0.0473846
-0.0512528
-0.0512528
-0.0575385
-0.0483517
-0.0498022
-0.0536703
-0.0623736
-0.0464176
-0.0459341
-0.0522198
-0.0507692
-0.0493187
-0.0522198
-0.0473846
-0.0425495
-0.0498022
-0.0522198
-0.0560879
-0.0483517
-0.0498022
-0.0575385
-0.0469011
-0.0512528
-0.0575385
-0.0541539
-0.0493187
-0.044967
-0.0425495
-0.0473846
-0.0493187
-0.0377143
-0.0493187
-0.044967
-0.0483517
-0.0420659
-0.0352967
-0.0396484
-0.0435165
-0.0502857
-0.0401319
-0.0401319
-0.043033
-0.0483517
-0.043033
-0.0459341
-0.0377143
-0.044967
-0.0512528
-0.0464176
-0.0415824
-0.0319121
-0.0415824
-0.0391648
-0.0420659
-0.0362637
-0.0415824
-0.0333626
-0.0391648
-0.0381978
-0.0314286
-0.0377143
-0.0527033
-0.0396484
-0.0362637
-0.0343297
-0.0377143
-0.0328791
-0.0415824
-0.0256264
-0.0348132
-0.0372308
-0.0265934
-0.0410989
-0.0270769
-0.0362637
-0.029011
-0.0333626
-0.029978
-0.0343297
-0.0188571
-0.0343297
-0.0294945
-0.0232088
-0.0323956
-0.0145055
-0.0212747
-0.0178901
-0.0125714
-0.0232088
-0.0256264
-0.0174066
-0.0125714
-0.00967033
-0.00531868
-0.0183736
-0.0101538
-0.0116044
-0.0212747
-0.0029011
-0.00386813
-0.00193407
-0.00193407
-0.00773627
-0.00725275
-0.000483517
0.0111209
0.00193407
0.0164396
0.0106374
0.0058022
-0.00145055
0.0116044
0.029978
0.0275604
0.0304615
0.0261099
0.0323956
0.0314286
0.0343297
0.0352967
0.0546374
0.0575385
0.0681758
0.0541539
0.0676923
0.0754286
0.0705934
0.0889671
0.086066
0.0967033
0.0971868
0.123297
0.132484
0.134418
0.145539
0.165363
0.16778
0.183736
0.22
0.233055
0.251429
0.282857
0.337011
0.326374
0.340396
0.395033
0.411956
0.455956
0.503341
0.538154
0.590857
0.628088
0.708352
0.763473
0.86066
0.981539
0.989275
1.12998
1.34273
5.28532
26.7278
27.0745
27.3003
27.3685
27.3351
27.3946
27.3772
27.3506
27.3762
27.3791
27.3854
22.5096
4.7549
1.54919
1.16914
0.980572
0.85389
0.783781
0.694813
0.656132
0.584572
0.550242
0.522682
0.473846
0.436616
0.421143
0.393583
0.341846
0.354418
0.314769
0.305583
0.271253
0.238857
0.227253
0.234989
0.196791
0.198242
0.197758
0.160528
0.154242
0.160528
0.140703
0.117978
0.127648
0.134901
0.120879
0.0913846
0.102022
0.102989
0.087033
0.0981539
0.0788132
0.101055
0.0691429
0.0744616
0.0701099
0.0618901
0.0609231
0.0512528
0.0647912
0.043033
0.0435165
0.0512528
0.0309451
0.0391648
0.043033
0.0386813
0.0212747
0.029978
0.0357802
0.0246593
0.0304615
0.0193407
0.0125714
0.0164396
0.00967033
0.0111209
0.0193407
0.0029011
0.0120879
0.00967033
0.0145055
0.00531868
0
0.00338462
0.00241758
-0.000483517
0.00435165
-0.00676923
-0.00967033
0.0116044
-0.0178901
-0.0130549
-0.0087033
-0.00386813
0.0087033
0.00531868
-0.00338462
0.00338462
-0.00386813
-0.00821978
-0.00386813
-0.00193407
-0.0207912
-0.00725275
-0.00725275
0.00725275
-0.0111209
-0.0135385
-0.00918682
-0.00773627
0
-0.00193407
-0.00967033
-0.0130549
-0.00193407
-0.0145055
-0.000483517
-0.0087033
-0.0029011
-0.00193407
-0.00193407
-0.00967033
-0.00773627
-0.00435165
-0.00531868
-0.00145055
-0.00193407
0.0087033
0.00483517
0.0154725
0.0111209
0.00773627
0.0111209
0.0087033
0.0203077
0.0116044
0.0377143
0.0314286
0.0343297
0.0454506
0.0531868
0.0536703
0.0647912
0.0618901
0.0773627
0.0783297
0.10589
0.116528
0.114593
0.127165
0.151341
0.146989
0.184703
0.273187
2.32862
5.49903
7.0898
7.36638
7.30013
7.41424
7.46356
7.41666
7.46211
7.54915
7.82282
8.79275
8.53359
7.90453
7.90985
7.7909
7.83442
7.9142
7.8233
7.77108
7.74932
7.11253
3.73275
1.15125
0.312352
0.224352
0.183253
0.144571
0.137319
0.12378
0.107341
0.0913846
0.0812308
0.0754286
0.0686594
0.0705934
0.0705934
0.0473846
0.0473846
0.0541539
0.0314286
0.0348132
0.014022
0.0135385
0.0232088
0.00725275
0.015956
0.00676923
0.00241758
0.00821978
-0.0029011
-0.00386813
0.00193407
-0.00821978
0.00338462
-0.015956
-0.00773627
-0.0174066
-0.0178901
-0.00531868
-0.0125714
-0.0270769
-0.0222418
-0.0251429
-0.0207912
-0.0294945
-0.0270769
-0.0294945
-0.0304615
-0.0256264
-0.0270769
-0.0207912
-0.0323956
-0.0386813
-0.0319121
-0.0256264
-0.0352967
-0.0294945
-0.0352967
-0.0401319
-0.0261099
-0.0410989
-0.0352967
-0.0338462
-0.0348132
-0.0386813
-0.0406154
-0.0415824
-0.0478681
-0.0391648
-0.0425495
-0.0401319
-0.0333626
-0.0517363
-0.044
-0.0454506
-0.0435165
-0.0444835
-0.0551209
-0.0536703
-0.0483517
-0.0541539
-0.0425495
-0.0493187
-0.0546374
-0.0498022
-0.0478681
-0.0498022
-0.0507692
-0.0469011
-0.044967
-0.0493187
-0.0469011
-0.0536703
-0.0546374
-0.0522198
-0.0546374
-0.044967
-0.0493187
-0.0469011
-0.0522198
-0.0488352
-0.0551209
-0.0517363
-0.0483517
-0.058989
-0.0488352
-0.0541539
-0.0546374
-0.0502857
-0.0522198
-0.0614066
-0.0507692
-0.0488352
-0.0377143
-0.0464176
-0.0575385
-0.0517363
-0.0420659
-0.0512528
-0.0401319
-0.0454506
-0.0464176
-0.0502857
-0.0551209
-0.0565714
-0.0536703
-0.0507692
-0.0420659
-0.0527033
-0.0565714
-0.0507692
-0.0585055
-0.057055
-0.0464176
-0.0527033
-0.044967
-0.0604396
-0.0556044
-0.0575385
-0.0546374
-0.0560879
-0.058022
-0.0560879
-0.0556044
-0.0585055
-0.0565714
-0.0585055
-0.0628572
-0.0618901
-0.058989
-0.058022
-0.0507692
-0.0541539
-0.0609231
-0.0609231
-0.0604396
-0.058989
-0.0502857
-0.058989
-0.0546374
-0.0483517
-0.0546374
-0.0672088
-0.0565714
-0.0541539
-0.0565714
-0.0541539
-0.0531868
-0.0556044
-0.0623736
-0.0585055
-0.0512528
-0.0652747
-0.0585055
-0.0676923
-0.0585055
-0.0633407
-0.0594725
-0.057055
-0.0652747
-0.0536703
-0.0599561
-0.0710769
-0.0546374
-0.0633407
-0.0556044
-0.0623736
-0.058022
-0.0623736
-0.0560879
-0.0628572
-0.0691429
-0.0657583
-0.0594725
-0.058022
-0.0609231
-0.0546374
-0.0609231
-0.0575385
-0.0686594
-0.0696264
-0.0618901
-0.057055
-0.0623736
-0.058022
-0.0594725
-0.0657583
-0.0628572
-0.0633407
-0.0512528
-0.0556044
-0.0647912
-0.0575385
-0.0667253
-0.0609231
-0.057055
-0.0575385
-0.0614066
-0.0633407
-0.0575385
-0.0604396
-0.0531868
-0.0536703
-0.0623736
-0.0585055
-0.057055
-0.0696264
-0.0628572
-0.0652747
-0.0507692
-0.0560879
-0.0517363
-0.0638242
-0.0599561
-0.0531868
-0.0527033
-0.0575385
-0.0633407
-0.0536703
-0.0594725
-0.0652747
-0.0604396
-0.057055
-0.0662418
-0.0662418
-0.0681758
-0.0623736
-0.0681758
-0.0681758
-0.0652747
-0.0686594
-0.0585055
-0.0623736
-0.0638242
-0.0657583
-0.0527033
-0.0701099
-0.0604396
-0.0623736
-0.0604396
-0.0672088
-0.0662418
-0.0657583
-0.0725275
-0.0652747
-0.0667253
-0.0662418
-0.0575385
-0.0638242
-0.0599561
-0.0672088
-0.0676923
-0.0734945
-0.0676923
-0.073978
-0.0623736
-0.0657583
-0.0710769
-0.0701099
-0.0681758
-0.0623736
-0.0623736
-0.0725275
-0.0696264
-0.0686594
-0.0633407
-0.0705934
-0.0672088
-0.0715605
-0.0686594
-0.0676923
-0.0701099
-0.0696264
-0.0701099
-0.0643077
-0.073978
-0.0705934
-0.0691429
-0.0686594
-0.0638242
-0.0657583
-0.0734945
-0.0725275
-0.0676923
-0.0667253
-0.0638242
-0.0652747
-0.0686594
-0.0633407
-0.0614066
-0.0599561
-0.0657583
-0.0614066
-0.0657583
-0.0701099
-0.0681758
-0.0701099
-0.072044
-0.0681758
-0.0676923
-0.0734945
-0.0734945
-0.0662418
-0.0749451
-0.0676923
-0.0672088
-0.0705934
-0.073978
-0.0759121
-0.0759121
-0.0681758
-0.0647912
-0.0715605
-0.0773627
-0.0705934
-0.0763956
-0.0768791
-0.0734945
-0.0701099
-0.0768791
-0.0686594
-0.0734945
-0.0749451
-0.0696264
-0.0672088
-0.0657583
-0.0701099
-0.0667253
-0.073978
-0.0754286
-0.0686594
-0.0763956
-0.0715605
-0.0715605
-0.0734945
-0.073011
-0.073011
-0.072044
-0.0763956
-0.0744616
-0.0744616
-0.0778462
-0.0734945
-0.073011
-0.0754286
-0.0696264
-0.0734945
-0.073011
-0.0778462
-0.0710769
-0.0710769
-0.0725275
-0.0749451
-0.0744616
-0.0696264
-0.0725275
-0.0676923
-0.072044
-0.0696264
-0.0797802
-0.073978
-0.0744616
-0.073978
-0.072044
-0.0715605
-0.0763956
-0.0725275
-0.0681758
-0.073011
-0.0710769
-0.0783297
-0.0759121
-0.0681758
-0.0778462
-0.073011
-0.0749451
-0.0701099
-0.0734945
-0.0754286
-0.0676923
-0.0696264
-0.0725275
-0.0701099
-0.072044
-0.073011
-0.0715605
-0.073011
-0.0696264
-0.0792967
-0.0734945
-0.073011
-0.073011
-0.0618901
-0.0763956
-0.0788132
-0.073978
-0.0691429
-0.0749451
-0.0686594
-0.0643077
-0.0691429
-0.0672088
-0.0667253
-0.0633407
-0.0725275
-0.0667253
-0.0744616
-0.0754286
-0.0628572
-0.0681758
-0.0696264
-0.0725275
-0.0725275
-0.0710769
-0.0628572
-0.073011
-0.0614066
-0.0483517
-0.043033
-0.0536703
-0.0396484
-0.0454506
-0.0391648
-0.0502857
-0.0406154
-0.0367473
-0.0251429
-0.0483517
-0.0531868
-0.0507692
-0.0652747
-0.0652747
-0.0618901
-0.0647912
-0.0681758
-0.0696264
-0.0643077
-0.0725275
-0.0609231
-0.0647912
-0.0628572
-0.0657583
-0.0662418
-0.0623736
-0.0672088
-0.0681758
-0.0643077
-0.0667253
-0.0768791
-0.073978
-0.073011
-0.0638242
-0.0744616
-0.0749451
-0.0686594
-0.0667253
-0.0614066
-0.0454506
-0.0604396
-0.0609231
-0.0531868
-0.0556044
-0.0556044
-0.0498022
-0.0594725
-0.0652747
-0.0604396
-0.0691429
-0.073011
-0.0672088
-0.0643077
-0.0705934
-0.0715605
-0.0638242
-0.0652747
-0.0763956
-0.0691429
-0.0763956
-0.0672088
-0.0691429
-0.0686594
-0.0657583
-0.0672088
-0.0696264
-0.0628572
-0.0657583
-0.0705934
-0.0681758
-0.0638242
-0.0623736
-0.072044
-0.0667253
-0.0643077
-0.0628572
-0.0643077
-0.0638242
-0.0657583
-0.058989
-0.0618901
-0.0643077
-0.0696264
-0.0744616
-0.0652747
-0.0667253
-0.0725275
-0.0662418
-0.0618901
-0.0560879
-0.0618901
-0.0652747
-0.0715605
-0.0701099
-0.0715605
-0.057055
-0.0633407
-0.0556044
-0.0420659
-0.0478681
-0.0454506
-0.0425495
-0.0541539
-0.044
-0.0362637
-0.0367473
-0.0498022
-0.0527033
-0.0478681
-0.0493187
-0.0473846
-0.0522198
-0.0614066
-0.0444835
-0.0493187
-0.00531868
0.0343297
0.0546374
0.0493187
0.0420659
0.0522198
0.0488352
0.0556044
0.0556044
0.0609231
0.0319121
0.00483517
-0.0203077
-0.029978
-0.0275604
-0.014989
-0.0232088
-0.015956
-0.000967033
-0.00193407
-0.00483517
0.00773627
0.0116044
0.0275604
0.0285275
0.0357802
0.044
0.0633407
0.310901
2.2822
3.97838
5.09578
5.29354
5.41925
5.31723
5.45503
5.33125
5.35978
5.37719
5.09191
2.99877
1.36739
0.258198
0.0807473
0.0493187
0.0304615
0.0227253
0.0101538
0.0125714
0.0029011
-0.00193407
-0.015956
-0.0058022
-0.00773627
-0.0217582
-0.015956
-0.0227253
-0.029978
-0.0217582
-0.0294945
-0.0241758
-0.029978
-0.0203077
-0.0207912
-0.014989
-0.014022
-0.0169231
-0.0207912
-0.0135385
-0.00483517
-0.0270769
-0.0125714
-0.0111209
-0.0285275
-0.0406154
-0.0246593
-0.0232088
-0.0169231
-0.0352967
-0.0101538
0.264484
0.833583
1.17591
1.36448
1.36255
1.36497
1.34079
1.32629
1.38914
1.40365
1.34031
1.08936
0.511561
0.161495
0.0188571
-0.00145055
-0.0111209
-0.00918682
-0.014022
-0.0145055
-0.0265934
-0.0309451
-0.0381978
-0.0309451
-0.0270769
-0.0464176
-0.0352967
-0.0444835
-0.0367473
-0.0333626
-0.0483517
-0.0435165
-0.0454506
-0.0410989
-0.0406154
-0.0377143
-0.0459341
-0.0420659
-0.0531868
-0.0420659
-0.0236923
0.0797802
0.119912
0.180352
0.190506
0.173099
0.178901
0.173582
0.179868
0.175517
0.169231
0.139253
0.0623736
-0.00386813
-0.0381978
-0.0333626
-0.0435165
-0.0420659
-0.0556044
-0.0517363
-0.0512528
-0.0546374
-0.0502857
-0.0469011
-0.0435165
-0.0536703
-0.0546374
-0.0406154
-0.0527033
-0.0410989
-0.0454506
-0.0444835
-0.0338462
-0.0391648
-0.0386813
-0.0352967
-0.0319121
-0.0377143
-0.0362637
-0.0401319
-0.0386813
-0.0256264
-0.0338462
-0.0469011
-0.0333626
-0.0357802
-0.0338462
-0.0275604
-0.0381978
-0.0343297
-0.0381978
-0.0188571
-0.0222418
-0.0338462
-0.0174066
-0.0178901
-0.0261099
-0.0203077
-0.00338462
-0.0130549
-0.0087033
0
0.00531868
0.014989
0.24611
0.907561
1.34031
1.49213
1.55451
1.51389
1.52791
1.55692
1.5047
1.54967
1.56466
1.30598
0.676923
0.274154
0.34233
1.38286
1.8069
1.89393
1.98048
2.07284
2.22176
2.23772
2.23385
2.26673
2.21306
1.92053
0.893055
0.517363
0.509143
0.579253
0.494154
0.337011
0.285758
0.264967
0.260132
0.239824
0.246593
0.251912
0.222901
0.101055
0.0241758
0.028044
0.0145055
0.0502857
0.0367473
0.0304615
0.0357802
0.0270769
0.0319121
0.028044
0.0367473
0.0338462
0.0527033
0.0643077
0.0512528
0.0696264
0.311385
1.6135
2.60712
3.14334
3.19121
3.18057
3.22602
3.19653
3.22457
3.19798
3.14528
2.96831
1.63332
0.678374
0.112176
0.0565714
0.0386813
0.0386813
0.028044
0.0193407
0.0193407
0.015956
0.0193407
0.0120879
0.00483517
0.014989
0.0227253
-0.000967033
0.0212747
0.0101538
0.0198242
0.0164396
0.0169231
0.0183736
0.0120879
0.00821978
0.0169231
0.0207912
0.0154725
0.00676923
0.0236923
0.0106374
0.0174066
0.0111209
0.0222418
0.0362637
0.0502857
0.0319121
0.0357802
0.044967
0.0464176
0.057055
0.0585055
0.0773627
0.0715605
0.0696264
0.0899341
0.114593
0.102506
0.127165
0.161011
0.780879
2.66998
3.93244
4.43481
4.53152
4.55569
5.60928
6.63482
7.27064
7.41134
7.40506
6.69961
4.84387
3.6549
3.18299
2.98765
2.94026
1.87121
0.902242
0.274637
0.159077
0.139253
0.103473
0.0947693
0.0904176
0.0933187
0.0754286
0.0676923
0.0918682
0.0701099
0.0778462
0.0783297
0.0734945
0.0744616
0.0865495
0.0754286
0.0807473
0.0826813
0.0846154
0.0923517
0.0662418
0.0884835
0.100088
0.0938022
0.105407
0.11556
0.106857
0.118945
0.126198
0.124264
0.126198
0.152308
0.155692
0.183736
0.198725
0.205495
0.21033
0.253846
0.268835
0.278989
0.31622
0.324923
0.36022
0.391648
0.436132
0.471429
0.745099
7.79912
17.0846
22.8993
24.332
24.2522
24.4983
24.3746
24.2571
24.3359
24.0501
24.3127
16.8037
7.71741
1.90119
0.641143
0.492703
0.396484
0.379077
0.347648
0.311385
0.286242
0.267385
0.249495
0.223868
0.224352
0.231121
0.211297
0.201143
0.196791
0.216615
0.184703
0.190506
0.200176
0.18567
0.196791
0.186154
0.202593
0.201626
0.220484
0.223385
0.222901
0.234022
0.251912
0.287209
0.296396
2.35328
7.03613
10.0765
10.9478
10.912
11.0609
11.2142
10.9338
10.912
11.0832
11.016
9.08189
4.33618
1.38673
0.336528
0.245143
0.201143
0.178901
0.176967
0.173099
0.152791
0.14167
0.125231
0.109275
0.0957363
0.103473
0.0933187
0.0942857
0.103473
0.0759121
0.0875165
0.0807473
0.0836484
0.0614066
0.0662418
0.0647912
0.058022
0.0575385
0.0464176
0.0478681
0.0633407
0.0473846
0.0498022
0.0546374
0.0469011
0.0493187
0.0396484
0.0488352
0.0517363
0.0338462
0.0396484
0.0473846
0.0502857
0.0381978
0.0319121
0.0314286
0.0362637
0.0338462
0.029978
0.0265934
0.0227253
0.0188571
0.0275604
0.0198242
0.0304615
0.0212747
0.0270769
0.0372308
0.0207912
0.0319121
0.0164396
0.0386813
0.0309451
0.0203077
0.029978
0.0183736
0.0328791
0.0357802
0.0294945
0.0246593
0.0256264
0.014989
0.0251429
0.0454506
0.015956
0.0381978
0.0381978
0.0372308
0.0415824
0.0362637
0.0454506
0.0319121
0.0444835
0.0435165
0.0425495
0.0541539
0.0614066
0.0556044
0.0498022
0.0531868
0.0628572
0.0643077
0.0599561
0.0667253
0.0788132
0.0826813
0.0865495
0.0996044
0.0986374
0.116528
0.104923
0.134418
0.139736
0.14844
1.16237
3.67231
5.2713
5.57108
5.632
5.63925
5.62813
5.64844
5.65956
5.67697
5.70598
4.79165
2.23481
0.672572
0.221451
0.195341
0.172615
0.15956
0.156659
0.15956
0.147473
0.146022
0.171648
0.157143
0.174066
0.175033
0.179385
0.200176
0.203561
0.309934
1.82721
3.22554
3.95758
4.05816
4.9691
6.91139
8.096
8.38708
8.2986
8.37354
8.26765
6.69526
5.3709
4.59051
4.44303
3.55095
1.76193
0.502857
0.22822
0.213714
0.186637
0.188571
0.171648
0.177934
0.178418
0.178901
0.162945
0.16778
0.183253
0.163429
0.19244
0.191473
0.216132
0.214681
0.238374
0.234989
0.238374
0.254813
0.252879
0.288176
0.287692
0.326857
0.350066
0.403253
1.28519
3.15688
3.75596
3.90681
3.89038
4.38936
7.27209
9.32075
10.1611
10.1205
10.1534
11.0184
18.0328
23.3983
25.3189
25.3029
25.0389
21.9478
19.9059
19.2106
18.9514
19.0012
17.7122
8.78308
2.84404
0.656132
0.471912
0.411956
0.360703
0.352484
0.325407
0.308967
0.322506
0.42211
0.414374
0.398418
0.410506
0.378594
0.382462
0.35055
0.352967
0.350066
0.346681
0.270286
0.188088
0.143121
0.139253
0.132967
0.116044
0.126681
0.109758
0.110242
0.103473
0.0899341
0.0918682
0.086066
0.088
0.0996044
0.0865495
0.0942857
0.0836484
0.0826813
0.0652747
0.0889671
0.0797802
0.0783297
0.0947693
0.0846154
0.0913846
0.0967033
0.087033
0.102989
0.0952528
0.102989
0.0971868
0.0957363
0.118462
0.128615
0.136352
0.144088
0.143121
0.16633
0.173582
0.196791
0.232572
0.241758
0.298813
0.71222
5.01649
8.54761
9.89082
9.89082
9.96576
10.135
10.0499
9.95126
9.96334
9.98897
9.74963
5.64264
1.99886
0.458374
0.259165
0.217099
0.203561
0.161978
0.145539
0.124264
0.111209
0.0899341
0.125231
0.11411
0.10589
0.0913846
0.0918682
0.0792967
0.0773627
0.0691429
0.0715605
0.0618901
0.0662418
0.0710769
0.0546374
0.0536703
0.058989
0.0420659
0.0372308
0.0377143
0.0488352
0.0444835
0.0377143
0.0628572
0.0493187
0.0396484
0.0585055
0.0551209
0.0498022
0.0415824
0.0594725
0.0391648
0.0536703
0.0541539
0.058022
0.058989
0.0643077
0.0744616
0.0701099
0.0749451
0.0749451
0.0952528
0.0996044
0.128615
0.115077
0.11556
0.125714
0.129099
0.158593
0.182286
0.191956
0.216132
0.294945
1.41187
4.27961
5.84185
6.13921
6.12712
6.12664
6.16919
6.16435
6.37565
10.4498
13.4887
13.4713
10.7989
8.95521
8.5771
8.60998
8.59209
8.56308
8.49974
8.2957
4.64224
1.39591
0.300264
0.221451
0.181319
0.150857
0.151341
0.14167
0.12233
0.12378
0.103473
0.0889671
0.0836484
0.0899341
0.0676923
0.0734945
0.073978
0.0657583
0.0609231
0.0575385
0.0585055
0.0488352
0.0585055
0.0498022
0.0377143
0.0599561
0.0498022
0.0469011
0.0372308
0.0478681
0.0541539
0.0628572
0.0406154
0.0633407
0.0754286
0.0657583
0.087033
0.104923
0.67789
2.37407
3.2207
3.43732
3.40686
3.42185
3.43152
3.40686
3.35077
3.37446
3.37156
2.89675
1.24312
0.274637
0.102989
0.058022
0.0551209
0.0401319
0.0357802
0.0251429
0.0343297
0.015956
0.0212747
0.0111209
0.00725275
0.0135385
0.00821978
-0.00193407
0.00145055
0.00241758
-0.0125714
-0.00483517
0.00193407
0.0101538
0.00338462
-0.0135385
-0.00773627
-0.0217582
-0.00435165
-0.0232088
-0.0130549
-0.0203077
-0.00967033
-0.0058022
-0.0178901
-0.0116044
-0.0198242
0.00145055
-0.00773627
-0.00967033
-0.0217582
-0.00821978
0
-0.0106374
-0.00193407
-0.0111209
-0.0029011
-0.00628572
-0.00918682
-0.0130549
-0.0154725
0.00145055
-0.0101538
-0.014022
0
-0.0058022
0.00193407
-0.0058022
0.00338462
0
0.0106374
-0.00773627
0.00918682
-0.00338462
0.0183736
0.0522198
0.335561
0.500923
0.550725
0.538638
0.543473
0.560879
0.565231
0.572
0.601011
0.581187
0.543473
0.322506
0.14844
0.104923
0.151824
0.142154
0.151341
0.157143
0.161495
0.164879
0.160044
0.187121
0.216615
0.282374
1.3935
5.71227
8.18255
8.94699
8.83482
9.14282
9.04079
8.88849
9.16748
8.63029
8.85319
7.94805
3.82123
1.30936
0.376659
0.21033
0.160044
0.12378
0.109275
0.0942857
0.0967033
0.0807473
0.0425495
0.0618901
0.058022
0.0536703
0.0498022
0.0406154
0.0227253
0.0319121
0.0261099
0.0256264
0.0198242
0.00821978
0.00338462
0.00773627
-0.00241758
-0.00821978
0.00145055
-0.00145055
-0.0058022
0
-0.0169231
-0.00531868
-0.0135385
-0.014022
-0.0256264
-0.0261099
-0.0256264
-0.0188571
-0.028044
-0.0246593
-0.0352967
-0.0333626
-0.0265934
-0.0372308
-0.0241758
-0.0294945
-0.0343297
-0.0420659
-0.0410989
-0.0348132
-0.043033
-0.0401319
-0.0459341
-0.0425495
-0.0357802
-0.0512528
-0.0396484
-0.0401319
-0.0473846
-0.0348132
-0.0435165
-0.044967
-0.043033
-0.0377143
-0.0498022
-0.0401319
-0.0493187
-0.0473846
-0.0498022
-0.0522198
-0.0512528
-0.0546374
-0.0565714
-0.0585055
-0.0488352
-0.0531868
-0.0546374
-0.0556044
-0.0575385
-0.0565714
-0.0575385
-0.0560879
-0.0551209
-0.057055
-0.0507692
-0.0502857
-0.0546374
-0.0512528
-0.0483517
-0.0469011
-0.0546374
-0.0507692
-0.0556044
-0.0522198
-0.0560879
-0.0633407
-0.0527033
-0.0614066
-0.0522198
-0.0512528
-0.058989
-0.0493187
-0.0507692
-0.0575385
-0.0498022
-0.0628572
-0.0502857
-0.0469011
-0.0536703
-0.057055
-0.0546374
-0.0512528
-0.0522198
-0.0594725
-0.0522198
-0.0493187
-0.0638242
-0.0551209
-0.057055
-0.0594725
-0.0536703
-0.0459341
-0.0478681
-0.0478681
-0.0493187
-0.0483517
-0.0464176
-0.0454506
-0.0420659
-0.0498022
-0.0536703
-0.0546374
-0.0522198
-0.044
-0.0377143
-0.0560879
-0.0502857
-0.0498022
-0.0420659
-0.0493187
-0.0425495
-0.0541539
-0.0391648
-0.0420659
-0.0420659
-0.0415824
-0.0410989
-0.0454506
-0.0454506
-0.0343297
-0.0396484
-0.0304615
